10,-1                                                                           
  +----+                                                                        
     20,+0                                                                      
                                                                                
                                                                                
                                                                                
                                                                                
                                                                                
                                                                                
                                                                                
                                                                                
                                                                                
                                                                                
                                                                                
                                                                                
                                                                                
                                                                                
                                                                                
                                                                                
                                                                                


10,-2                                                                           
  +----+                                                                        
     20,-1                                                                      
       +----+                                                                   
          30,+0                                                                 
                                                                                
                                                                                
                                                                                
                                                                                
                                                                                
                                                                                
                                                                                
                                                                                
                                                                                
                                                                                
                                                                                
                                                                                
                                                                                
                                                                                
                                                                                


10,-3                                                                           
  +----+                                                                        
     20,-2                                                                      
       +---------+                                                              
               30,+1                                                            
            +----+                                                              
          25,+0                                                                 
                                                                                
                                                                                
                                                                                
                                                                                
                                                                                
                                                                                
                                                                                
                                                                                
                                                                                
                                                                                
                                                                                
                                                                                
                                                                                


10,-3                                                                           
  +---------+                                                                   
          20,-1                                                                 
       +----+---------+                                                         
     19,+0          30,+1                                                       
                 +----+                                                         
               25,+0                                                            
                                                                                
                                                                                
                                                                                
                                                                                
                                                                                
                                                                                
                                                                                
                                                                                
                                                                                
                                                                                
                                                                                
                                                                                
                                                                                


10,-4                                                                           
  +---------+                                                                   
          20,-2                                                                 
       +----+--------------+                                                    
     19,+0               30,+2                                                  
                      +----+                                                    
                    25,+1                                                       
                 +----+                                                         
               24,+0                                                            
                                                                                
                                                                                
                                                                                
                                                                                
                                                                                
                                                                                
                                                                                
                                                                                
                                                                                
                                                                                
                                                                                


10,-4                                                                           
  +---------+                                                                   
          20,-2                                                                 
       +----+-------------------+                                               
     19,+0                    30,+2                                             
                      +---------+                                               
                    25,+0                                                       
                 +----+----+                                                    
               24,+0     26,+0                                                  
                                                                                
                                                                                
                                                                                
                                                                                
                                                                                
                                                                                
                                                                                
                                                                                
                                                                                
                                                                                
                                                                                


10,-4                                                                           
  +---------+                                                                   
          20,-2                                                                 
       +----+-------------------+                                               
     19,+0                    30,+1                                             
                      +---------+----+                                          
                    25,+0          31,+0                                        
                 +----+----+                                                    
               24,+0     26,+0                                                  
                                                                                
                                                                                
                                                                                
                                                                                
                                                                                
                                                                                
                                                                                
                                                                                
                                                                                
                                                                                
                                                                                


10,-4                                                                           
  +-------------------+                                                         
                    25,+0                                                       
            +---------+---------+                                               
          20,-2               30,+1                                             
       +----+----+         +----+----+                                          
     19,+0     24,+0     26,+0     31,+0                                        
                                                                                
                                                                                
                                                                                
                                                                                
                                                                                
                                                                                
                                                                                
                                                                                
                                                                                
                                                                                
                                                                                
                                                                                
                                                                                
