
                    60

                                        56

                              55

                                                  52

                                        51

          50

                              45

                    40

                                        35

                              30

                                        15

11

                    10

          9



*50	1*



                    60

                                        56

                              55

                                        52

          51

                              45

                    40

                                        35

                              30

                                        15

11

                    10

          9








*40	1*



                    60

                                        56

                              55

                                        52

          51

                    45

                                        35

                              30

                                        15

11

                    10

          9








*60	1*



                              56

                    55

                              52

          51

                    45

                                        35

                              30

                                        15

11

                    10

          9








*30	1*



                              56

                    55

                              52

          51

                    45

                              35

                                        15

11

                    10

          9








*45	1*



                              56

                    55

                              52

          51

                    35

                              15

11

                    10

          9








*60	0*



                              56

                    55

                              52

          51

                    35

                              15

11

                    10

          9








*55	1*



                    56

                              52

          51

                    35

                              15

11

                    10

          9








*15	1*



                    56

                              52

          51

                    35

11

                    10

          9








*35	1*



                    56

                              52

          51

11

                    10

          9








*51	1*



          56

                    52

11

                    10

          9








*56	1*



          52

11

                    10

          9








*9	1*



          52

11

          10








*10	1*



          52

11








*52	1*



11






